30 30 40
9 7 22 23
26 23 28 25
10 4 27 18
6 9 13 15
11 17 26 22
16 7 22 28
11 7 26 10
11 15 24 29
12 8 21 14
1 1 21 21
5 14 25 26
0 6 14 23
11 2 25 26
7 20 10 27
25 9 26 19
17 15 19 19
27 8 30 9
17 22 19 26
9 7 19 29
14 16 25 20
13 11 19 29
0 4 1 5
13 11 15 23
16 0 27 2
15 2 30 22
13 6 28 10
17 1 29 23
8 3 26 17
15 24 21 27
0 8 29 29
12 1 27 13
6 7 23 8
0 5 10 22
7 17 17 20
14 3 19 8
0 10 16 25
0 6 8 7
13 2 21 19
15 23 20 29
3 3 17 12
result:
3
4 19 37

5 7 3
0 2 4 4
1 1 2 5
4 0 6 2
result:
3
1 7 13
